3
4
5
9
11
13
14
15
18
19
20
21
26
27
29
30
31
32
33
35
38
40
41
45
46
49
50
51
52
57
58
59
63
65
70
71
72
73
74
77
78
79
85
87
89
90
94
95
97
98
102
104
106
107
109
110
112
113
116
117
118
119
121
122
125
128
129
130
131
132
133
135
142
145
146
147
149
150
151
152
153
154
155
156
157
158
159
162
164
166
168
169
170
171
172
173
174
175
176
178
181
183
197
199
200
205
216
223
224
227
230
237
247
251
254
256
257
260
269
272
282
283
290
291
294
297
298
299
303
306
308
309
310
316
318
324
326
330
337
338
341
345
349
350
351
353
355
361
362
363
364
365
367
368
370
371
374
375
377
378
385
389
391
392
394
396
397
398
401
403
404
406
408
411
418
430
432
440
442
443
445
446
450
463
467
479
481
482
483
488
491
492
493
494
495
498
499
502
504
505
507
510
511
514
518
519
521
522
525
526
527
528
529
530
531
532
533
534
535
536
538
541
544
545
546
547
549
550
553
555
556
557
558
559
560
563
577
578
585
587
591
594
595
597
599
603
608
611
613
614
615
616
617
618
620
622
623
624
625
626
627
628
629
630
631
632
633
634
635
637
638
639
640
641
650
651
653
656
657
659
663
664
668
673
674
676
678
679
680
682
684
685
687
690
691
692
693
694
696
697
698
700
703
708
709
711
715
717
721
723
725
726
727
728
729
730
731
732
733
734
739
741
747
748
750
751
752
753
754
755
756
757
759
760
762
763
772
775
776
777
778
779
781
783
784
786
788
790
791
793
796
798
800
801
803
809
810
811
812
814
815
816
817
818
819
820
821
824
825
827
828
829
830
833
835
836
837
838
839
840
841
842
843
844
845
846
847
848
849
850
851
853
854
855
856
857
858
859
860
861
862
863
864
867
868
869
870
871
873
874
875
876
877
878
879
880
881
882
883
884
885
886
887
891
893
894
900
901
906
913
917
919
921
924
928
931
932
933
936
937
938
939
940
941
943
945
946
947
948
949
950
953
955
956
957
959
965
974
979
980
982
983
984
985
986
987
988
989
990
992
993
995
996
999
1001
1002
1003
1004
1005
1007
1008
1009
1011
1012
1015
1017
1021
1022
1023
1024
1025
1026
1032
1034
1035
1036
1037
1038
1039
1040
1045
1047
1049
1050
1053
1055
1056
1057
1058
1059
1060
1061
1064
1065
1066
1067
1069
1070
1071
1072
1073
1074
1076
1077
1078
1079
1080
1081
1082
1083
1084
1085
1087
1088
1089
1090
1091
1092
1093
1094
1095
1096
1097
1098
1099
1100
1101
1102
1103
1104
1105
1106
1108
1109
1111
1112
1113
1114
1115
1116
1118
1119
1120
1121
1122
1123
1124
1125
1126
1127
1128
1129
1130
1131
1134
1137
1138
1139
1140
1142
1144
1145
1146
1147
1148
1149
1150
1151
1152
1153
1157
1158
1159
1160
1161
1162
1164
1165
1166
1167
1169
1170
1171
1172
1173
1174
1175
1176
1177
1178
1179
1180
1181
1182
1186
1187
1189
1190
1191
1192
1193
1194
1196
1197
1198
1200
1202
1203
1204
1206
1207
1209
1210
1211
1215
1217
1221
1222
1223
1225
1226
1227
1228
1229
1230
1231
1232
1233
1234
1236
1237
1238
1240
1241
1243
1244
1245
1246
1248
1249
1250
1253
1254
1255
1256
1259
1260
1263
1264
1267
1268
1274
1275
1276
1277
1278
1280
1281
1282
1283
1284
1285
1287
1288
1289
1290
1291
1292
1293
1294
1296
1297
1298
1299
1300
1301
1302
1303
1305
1306
1307
1308
1309
1310
1311
1312
1313
1314
1315
1316
1317
1318
1319
1320
1321
1322
1323
1324
1325
1326
1327
1328
1329
1330
1331
1332
1333
1334
1335
1336
1337
1338
1339
1340
1341
1344
1345
1346
1348
1349
1351
1353
1355
1356
1357
1358
1359
1361
1362
1363
1364
1365
1366
1367
1368
1369
1371
1372
1374
1375
1376
1377
1378
1379
1380
1381
1382
1383
1384
1385
1386
1387
1388
1389
1390
1392
1393
1394
1395
1397
1398
1399
1400
1401
1402
1403
1405
1406
1407
1408
1409
1410
1411
1412
1413
1414
1415
1416
1417
1418
1419
1421
1422
1423
1424
1425
1426
1427
1428
1436
1438
1441
1443
1446
1447
1448
1449
1450
1453
1454
1455
1457
1458
1461
1464
1467
1471
1475
1478
1484
1485
1487
1490
1491
1494
1497
1499
1501
1502
1503
1505
1510
1514
1515
1518
1519
1522
1525
1530
1531
1532
1533
1534
1535
1536
1540
1541
1542
1544
1545
1547
1555
1557
1561
1563
1566
1574
1577
1580
1582
1583
1584
1585
1586
1587
1588
1589
1590
1591
1592
1593
1594
1595
1596
1598
1599
1600
1602
1604
1605
1609
1616
1618
1622
1624
1626
1629
1632
1636
1639
1641
1649
1650
1651
1652
1653
1654
1655
1661
1665
1669
1670
1672
1673
1675
1676
1680
1681
1682
1685
1686
1695
1698
1703
1705
1707
1708
1710
1711
1716
1717
1720
1722
1726
1727
1728
1733
1734
1735
1737
1738
1740
1741
1743
1745
1746
1748
1750
1751
1753
1754
1756
1757
1759
1762
1764
1765
1767
1770
1773
1778
1781
1784
1785
1788
1789
1790
1799
1800
1801
1804
1805
1806
1807
1808
1810
1811
1812
1813
1814
1815
1816
1817
1818
1819
1820
1822
1823
1828
1830
1833
1834
1835
1836
1837
1839
1840
1841
1843
1844
1845
1846
1847
1849
1852
1853
1854
1856
1860
1861
1862
1863
1864
1865
1866
1867
1868
1869
1870
1872
1873
1874
1876
1878
1882
1883
1884
1885
1886
1887
1890
1891
1893
1900
1905
1908
1914
1915
1919
1920
1921
1925
1928
1932
1933
1934
1935
1936
1939
1940
1941
1943
1944
1945
1946
1947
1948
1949
1950
1952
1954
1955
1957
1958
1959
1960
1961
1962
1963
1964
1965
1966
1967
1968
1969
1970
1971
1972
1975
1976
1977
1978
1979
1980
1981
1982
1983
1984
1985
1986
1989
1998
2000
2001
2002
2003
2004
2006
2009
2010
2013
2014
2023
2025
2027
2039
2041
2060
2064
2065
2070
2071
2072
2077
2081
2082
2084
2092
2093
2096
2102
2104
2109
2112
2113
2118
2119
2120
2123
2124
2127
2129
2130
2132
2134
2135
2137
2138
2140
2141
2143
2144
2145
2146
2147
2148
2152
2154
2155
2159
2161
2164
2165
2166
2169
2170
2171
2177
2178
2179
2183
2184
2189
2191
2192
2194
2195
2197
2201
2202
2206
2207
2208
2209
2210
2211
2212
2214
2215
2217
2220
2221
2222
2223
2224
2225
2227
2230
2231
2232
2233
2236
2238
2239
2242
2243
2246
2247
2248
2249
2250
2251
2253
2254
2256
2259
2262
2263
2265
2268
2269
2270
2271
2272
2273
2275
2281
2282
2283
2284
2285
2286
2287
2289
2290
2291
2292
2297
2298
2299
2302
2304
2305
2308
2310
2312
2313
2314
2315
2316
2317
2318
2320
2321
2322
2323
2324
2325
2326
2327
2328
2329
2330
2331
2332
2333
2334
2335
2336
2344
2350
2351
2361
2363
2367
2371
2384
2398
2404
2406
2413
2414
2415
2416
2417
2418
2419
2421
2422
2423
2424
2437
2442
2443
2446
2447
2451
2452
2454
2459
2460
2461
2462
2469
2470
2471
2472
2475
2477
2478
2479
2480
2481
2482
2484
2485
2486
2487
2488
2489
2490
2491
2492
2493
2494
2495
2496
2497
2498
2499
2500
2501
2502
2503
2504
2505
2506
2507
2508
2509
2511
2512
2513
2514
2515
2516
2518
2519
2520
2521
2522
2523
2524
2525
2526
2527
2528
2529
2530
2531
2532
2533
2534
2536
2537
2542
2547
2548
2552
2555
2568
2569
2575
2581
2588
2589
2590
2596
2603
2606
2614
2615
2616
2617
2618
2620
2622
2626
2627
2628
2629
2630
2631
2632
2638
2642
2645
2646
2649
2653
2655
2657
2658
2669
2670
2672
2681
2682
2684
2688
2689
2690
2691
2694
2695
2696
2697
2699
2700
2701
2702
2708
2711
2718
2724
2729
2730
2731
2732
2736
2737
2738
2742
2743
2744
2745
2746
2747
2748
2749
2750
2751
2753
2758
2761
2765
2766
2767
2768
2770
2774
2775
2778
2784
2785
2786
2789
2790
2792
2798
2801
2803
2804
2805
2808
2809
2816
2818
2823
2824
2825
2826
2828
2834
2835
2836
2838
2839
2840
2842
2843
2844
2845
2847
2849
2857
2860
2861
2862
2863
2864
2865
2866
2867
2869
2872
2873
2875
2882
2883
2885
2890
2891
2895
2898
2904
2909
2910
2912
2913
2915
2917
2918
2920
2923
2924
2928
2930
2931
2932
2942
2945
2948
2949
2950
2952
2953
2959
2966
2969
2973
2974
2976
2978
2989
3009
3018
3020
3034
3035
3038
3040
3041
3048
3052
3054
3055
3057
3060
3062
3081
3083
3084
3086
3090
3093
3095
3097
3099
3100
3103
3106
3107
3108
3111
3126
3141
3142
3146
3150
3158
3159
3167
3168
3169
3172
3173
3188
3195
3196
3197
3201
3203
3208
3212
3219
3221
3225
3226
3228
3234
3242
3243
3249
3251
3255
3266
3273
3274
3278
3280
3283
3296
3297
3298
3311
3319
3325
3329
3333
3336
3342
3345
3346
3347
3348
3351
3352
3356
3365
3368
3370
3372
3373
3375
3377
3378
3384
3390
3397
3399
3403
3404
3418
3420
3423
3424
3430
3432
3438
3446
3467
3474
3476
3479
3481
3487
3489
3490
3499
3500
3501
3502
3503
3507
3509
3510
3511
3512
3513
3514
3515
3519
3525
3531
3539
3547
3552
3553
3554
3556
3564
3573
3576
3590
3594
3601
3608
3609
3612
3617
3618
3621
3632
3638
3645
3650
3651
3652
3659
3660
3661
3669
3674
3680
3683
3685
3686
3687
3688
3689
3693
3694
3705
3708
3709
3711
3713
3719
3722
3725
3729
3734
3735
3736
3738
3740
3746
3769
3775
3785
3792
3804
3805
3806
3808
3815
3817
3819
3820
3823
3826
3827
3828
3829
3833
3838
3842
3843
3846
3847
3849
3850
3853
3855
3861
3862
3867
3869
3870
3872
3873
3875
3876
3877
3878
3879
3887
3888
3889
3890
3891
3902
3903
3904
3906
3911
3912
3918
3921
3925
3927
3933
3934
3941
3947
3952
3954
3959
3964
3965
3968
3970
3971
3972
3973
3974
3975
3976
3983
3984
3985
3987
3991
4003
4010
4011
4013
4014
4020
4027
4028
4029
4030
4033
4034
4035
4036
4039
4040
4043
4046
4047
4050
4051
4052
4053
4054
4056
4057
4058
4060
4063
4064
4065
4067
4069
4073
4074
4075
4076
4077
4078
4080
4081
4083
4088
4097
4098
4099
4100
4101
4105
4106
4107
4113
4117
4124
4127
4128
4129
4131
4135
4136
4161
4165
4167
4192
4193
4196
4201
4202
4203
4205
4211
4217
4223
4227
4228
4235
4236
4238
4242
4251
4255
4266
4271
4278
4279
4289
4290
4313
4315
4317
4321
4322
4337
4341
4343
4344
4349
4350
4351
4353
4354
4356
4358
4359
4360
4361
4362
4363
4364
4368
4369
4371
4373
4374
4378
4379
4380
4382
4384
4386
4389
4391
4392
4394
4395
4396
4398
4399
4400
4401
4402
4404
4405
4406
4410
4411
4412
4414
4415
4416
4417
4418
4419
4420
4421
4422
4423
4425
4426
4429
4430
4433
4434
4435
4436
4438
4440
4441
4442
4443
4445
4446
4447
4448
4451
4453
4455
4458
4462
4468
4469
4473
4474
4475
4476
4477
4478
4482
4483
4484
4485
4486
4487
4488
4489
4493
4494
4495
4496
4497
4498
4500
4501
4502
4503
4504
4505
4506
4507
4508
4510
4521
4522
4523
4525
4526
4538
4539
4541
4544
4548
4550
4556
4558
4559
4560
4562
4563
4565
4566
4567
4575
4579
4580
4583
4585
4586
4587
4592
4593
4594
4595
4596
4597
4598
4603
4608
4617
4618
4621
4623
4624
4630
4631
4639
4640
4641
4642
4643
4644
4646
4647
4648
4651
4652
4654
4659
4660
4662
4663
4664
4665
4682
4689
4690
4693
4694
4695
4697
4698
4699
4700
4701
4703
4705
4707
4708
4709
4710
4711
4712
4713
4717
4720
4721
4722
4723
4724
4727
4736
4739
4740
4744
4746
4747
4748
4749
4751
4752
4753
4756
4759
4760
4762
4765
4769
4770
4773
4774
4775
4776
4777
4778
4779
4781
4783
4788
4789
4790
4791
4793
4795
4796
4797
4798
4799
4800
4801
4802
4803
4804
4810
4811
4812
4813
4815
4816
4817
4818
4820
4821
4822
4825
4834
4836
4837
4838
4839
4841
4842
4843
4844
4845
4850
4851
4852
4854
4855
4856
4857
4869
4871
4876
4882
4885
4887
4891
4893
4898
4913
4914
4916
4917
4918
4921
4923
4926
4929
4930
4931
4934
4935
4937
4938
4939
4940
4941
4949
4950
4951
4955
4958
4962
4963
4979
4987
4993
4996
5008
5010
5012
5013
5014
5017
5020
5023
5025
5026
5027
5029
5041
5042
5049
5051
5052
5053
5054
5055
5061
5062
5063
5064
5065
5066
5068
5070
5072
5074
5075
5076
5077
5078
5079
5080
5081
5090
5091
5096
5097
5110
5111
5115
5116
5117
5118
5123
5126
5129
5130
5131
5136
5141
5144
5145
5146
5147
5148
5149
5150
5151
5156
5158
5159
5161
5162
5163
5168
5175
5176
5179
5181
5188
5190
5196
5201
5202
5205
5220
5223
5226
5227
5228
5232
5235
5238
5239
5240
5244
5245
5246
5247
5249
5250
5251
5252
5253
5254
5255
5258
5260
5264
5265
5266
5267
5270
5272
5274
5275
5278
5281
5282
5284
5285
5289
5290
5291
5293
5294
5295
5296
5298
5299
5302
5308
5311
5312
5313
5314
5318
5319
5320
5321
5326
5328
5334
5335
5336
5341
5346
5348
5349
5350
5352
5356
5357
5358
5359
5361
5362
5363
5366
5369
5374
5375
5380
5383
5384
5387
5388
5394
5395
5399
5402
5405
5406
5407
5409
5410
5411
5412
5413
5414
5415
5417
5418
5419
5420
5422
5423
5426
5428
5429
5431
5432
5433
5435
5443
5444
5449
5450
5451
5452
5453
5454
5455
5456
5457
5458
5464
5466
5467
5468
5469
5470
5471
5476
5477
5478
5479
5482
5483
5484
5486
5488
5489
5491
5492
5493
5496
5497
5501
5502
5503
5504
5506
5508
5509
5512
5513
5514
5517
5519
5523
5524
5526
5535
5544
5545
5546
5547
5550
5551
5552
5556
5558
5559
5560
5561
5562
5563
5564
5565
5566
5567
5568
5569
5570
5571
5573
5574
5577
5583
5591
5593
5595
5596
5597
5598
5600
5605
5606
5607
5609
5610
5611
5621
5624
5625
5626
5627
5628
5629
5630
5632
5633
5634
5636
5643
5644
5647
5650
5651
5652
5655
5659
5662
5663
5664
5665
5666
5668
5670
5671
5672
5681
5686
5687
5691
5695
5696
5700
5701
5702
5703
5704
5705
5709
5712
5713
5714
5715
5716
5717
5719
5721
5722
5723
5725
5726
5727
5728
5729
5730
5731
5732
5733
5735
5736
5737
5738
5742
5744
5746
5748
5749
5752
5753
5754
5755
5757
5758
5759
5760
5761
5764
5765
5766
5768
5771
5772
5773
5777
5778
5782
5783
5785
5787
5788
5790
5791
5792
5793
5794
5797
5800
5801
5803
5804
5806
5807
5808
5810
5812
5813
5815
5816
5817
5822
5824
5828
5830
5834
5837
5838
5847
5848
5850
5851
5852
5853
5854
5856
5860
5862
5865
5866
5867
5869
5870
5873
5874
5875
5876
5878
5880
5881
5882
5884
5885
5889
5891
5894
5897
5898
5900
5904
5905
5909
5911
5913
5916
5917
5918
5927
5928
5931
5937
5938
5940
5942
5943
5950
5951
5952
5953
5954
5955
5956
5957
5958
5959
5960
5961
5962
5963
5964
5965
5966
5967
5968
5969
5970
5971
5972
5973
5974
5975
5976
5977
5978
5979
5980
5981
5982
5984
5985
5986
5987
5988
5990
5991
5993
5998
5999
6000
6002
6008
6009
6010
6011
6012
6015
6016
6017
6020
6031
6032
6033
6037
6038
6039
6040
6041
6042
6043
6044
6046
6048
6051
6053
6054
6056
6058
6059
6060
6061
6063
6065
6066
6067
6068
6070
6072
6075
6077
6079
6081
6088
6090
6092
6094
6098
6103
6104
6105
6106
6107
6108
6109
6110
6111
6114
6115
6117
6118
6119
6120
6121
6124
6125
6126
6128
6133
6134
6138
6139
6142
6144
6145
6147
6152
6153
6154
6156
6160
6161
6162
6163
6164
6166
6167
6168
6171
6173
6176
6182
6183
6189
6195
6207
6211
6215
6226
6227
6228
6230
6235
6238
6239
6240
6245
6246
6247
6251
6256
6257
6261
6262
6263
6264
6269
6272
6275
6277
6279
6281
6285
6291
6294
6295
6297
6301
6302
6304
6309
6315
6317
6319
6320
6322
6324
6326
6327
6331
6336
6338
6339
6341
6342
6346
6353
6355
6356
6358
6362
6363
6365
6366
6370
6372
6373
6374
6379
6383
6384
6386
6388
6390
6395
6398
6400
6401
6402
6403
6406
6413
6414
6418
6423
6427
6428
6433
6434
6435
6436
6437
6438
6439
6447
6449
6450
6452
6453
6454
6456
6459
6461
6462
6463
6464
6467
6468
6470
6471
6472
6475
6476
6477
6478
6479
6481
6483
6485
6486
6487
6489
6497
6498
6499
6503
6504
6505
6506
6507
6510
6513
6514
6515
6517
6518
6520
6524
6527
6528
6529
6532
6533
6535
6537
6538
6544
6545
6546
6548
6549
6551
6552
6553
6554
6556
6557
6559
6560
6561
6562
6563
6564
6565
6566
6567
6568
6569
6576
6578
6579
6580
6581
6582
6583
6584
6587
6590
6591
6593
6594
6595
6597
6598
6599
6605
6608
6613
6614
6615
6616
6617
6618
6619
6620
6624
6625
6629
6630
6631
6632
6633
6634
6635
6639
6640
6641
6642
6643
6645
6647
6648
6649
6650
6651
6652
6655
6657
6658
6661
6662
6663
6665
6668
6670
6672
6673
6676
6677
6678
6681
6685
6686
6690
6691
6695
6697
6699
6701
6707
6709
6713
6717
6722
6724
6725
6730
6731
6732
6735
6738
6745
6746
6754
6759
6760
6762
6766
6778
6784
6785
6787
6790
6791
6792
6795
6797
6799
6801
6802
6803
6809
6810
6812
6813
6815
6816
6817
6818
6819
6821
6826
6827
6830
6834
6836
6839
6840
6841
6849
6853
6856
6858
6859
6860
6861
6862
6863
6864
6865
6866
6867
6869
6874
6878
6885
6886
6887
6892
6893
6894
6895
6897
6898
6902
6907
6908
6909
6910
6911
6913
6914
6916
6918
6921
6922
6932
6933
6934
6935
6936
6939
6944
6949
6952
6954
6956
6959
6965
6966
6967
6968
6969
6972
6973
6976
6977
6978
6979
6980
6983
6987
6988
6989
6990
6999
7003
7012
7014
7015
7016
7018
7021
7026
7027
7033
7037
7038
7041
7043
7059
7061
7063
7064
7065
7066
7067
7068
7069
7070
7072
7073
7074
7075
7079
7083
7087
7088
7089
7090
7091
7092
7097
7099
7101
7102
7103
7108
7116
7117
7118
7119
7120
7121
7122
7123
7125
7126
7127
7129
7133
7134
7135
7136
7137
7138
7139
7140
7141
7142
7143
7150
7155
7160
7162
7163
7164
7165
7166
7169
7170
7173
7177
7178
7181
7184
7190
7192
7194
7195
7197
7200
7202
7205
7213
7214
7216
7217
7218
7219
7220
7222
7223
7224
7225
7226
7227
7231
7235
7238
7240
7242
7249
7251
7256
7265
7278
7279
7280
7282
7284
7288
7289
7292
7299
7301
7303
7304
7305
7313
7318
7323
7329
7334
7341
7342
7343
7346
7347
7355
7359
7361
7370
7372
7373
7378
7384
7387
7388
7393
7395
7406
7413
7414
7415
7417
7419
7424
7431
7442
7444
7445
7450
7455
7464
7470
7483
7484
7487
7491
7501
7505
7509
7510
7512
7513
7517
7525
7526
7564
7565
7569
7570
7572
7575
7580
7584
7589
7594
7600
7605
7608
7616
7619
7621
7623
7626
7629
7639
7643
7644
7645
7648
7649
7652
7653
7665
7670
7675
7697
7716
7718
7720
7722
7723
7726
7730
7731
7737
7740
7745
7753
7758
7763
7771
7772
7773
7774
7775
7776
7777
7778
7784
7796
7797
7798
7799
7800
7801
7803
7805
7807
7808
7813
7817
7828
7829
7842
7844
7851
7861
7878
7879
7881
7883
7885
7887
7889
7891
7892
7893
7898
7900
7902
7912
7913
7925
7928
7933
7934
7936
7940
7942
7943
7944
7945
7954
7956
7957
7961
7965
7966
7987
7991
7996
7999
8001
8003
8006
8013
8014
8016
8017
8021
8025
8030
8031
8032
8033
8036
8038
8045
8050
8051
8053
8062
8063
8066
8067
8070
8071
8076
8080
8081
8097
8110
8120
8133
8136
8141
8142
8145
8150
8151
8162
8164
8170
8171
8172
8173
8174
8186
8189
8193
8194
8201
8208
8209
8213
8215
8234
8236
8237
8239
8240
8244
8250
8254
8257
8266
8272
8274
8277
8278
8279
8283
8286
8287
8288
8289
8295
8296
8297
8304
8309
8310
8311
8315
8320
8324
8327
8330
8335
8342
8352
8362
8363
8364
8365
8372
8374
8375
8383
8386
8389
8390
8393
8394
8397
8412
8417
8421
8427
8446
8453
8455
8463
8468
8477
8478
8484
8491
8498
8500
8501
8504
8508
8509
8513
8518
8520
8526
8530
8532
8537
8541
8544
8545
8546
8548
8549
8553
8554
8555
8558
8559
8564
8565
8566
8567
8569
8575
8576
8577
8578
8579
8580
8586
8590
8591
8592
8594
8596
8597
8601
8602
8603
8604
8610
8611
8613
8614
8622
8626
8627
8629
8636
8637
8638
8645
8650
8652
8653
8654
8662
8663
8666
8670
8688
8690
8693
8696
8700
8701
8706
8707
8708
8709
8712
8718
8719
8720
8722
8723
8724
8739
8740
8745
8748
8749
8750
8756
8763
8764
8765
8766
8772
8781
8785
8808
8819
8827
8842
8843
8845
8850
8852
8853
8854
8861
8866
8868
8869
8870
8876
8881
8906
8917
8921
8924
8926
8938
8939
8944
8945
8947
8966
8968
8974
8978
8979
8984
8988
8993
8994
8999
9008
9010
9013
9019
9022
9025
9030
9036
9057
9063
9068
9069
9071
9075
9076
9097
9105
9133
9137
9150
9153
9156
9157
9159
9166
9168
9172
9176
9179
9182
9198
9199
9200
9206
9212
9213
9217
9219
9228
9234
9247
9250
9253
9257
9261
9263
9264
9269
9270
9271
9272
9278
9279
9280
9291
9292
9293
9313
9337
9359
9360
9374
9381
9392
9393
9394
9407
9411
9430
9432
9451
9457
9458
9460
9461
9464
9465
9473
9499
9517
9533
9547
9577
9581
9584
9589
9598
9602
9617
9621
9633
9643
9644
9665
9666
9698
9699
9719
9730
9739
9748
9751
9752
9753
9755
9757
9758
9762
9765
9772
9773
9775
9779
9781
9800
9808
9816
9823
9831
9834
9844
9852
9858
9859
9861
9863
9864
9866
9868
9878
9879
9880
9881
9882
9883
9887
9889
9890
9891
9892
9893
9895
9896
9898
9901
9903
9904
9905
9907
9915
9917
9922
9929
9936
9939
9944
9948
9951
9958
9960
9966
9968
9969
9973
9975
9983
9986
9989
9990
9992
9996
10013
10015
10018
10019
10024
10028
10029
10030
10034
10035
10036
10038
10040
10041
10044
10045
10047
10048
10049
10052
10053
10055
10056
10058
10063
10064
10066
10067
10072
10073
10075
10085
10086
10087
10106
10107
10108
10113
10114
10115
10127
10128
10133
10148
10152
10164
10169
10170
10173
10177
10185
10210
10211
10212
10216
10217
10218
10221
10222
10225
10227
10231
10232
10236
10240
10241
10242
10243
10252
10255
10256
10257
10261
10262
10265
10268
10270
10271
10272
10274
10285
10287
10291
10294
10297
10299
10304
10306
10312
10325
10328
10330
10332
10335
10337
10339
10341
10351
10353
10359
10362
10373
10375
10382
10384
10391
10392
10398
10403
10405
10413
10414
10416
10425
10427
10429
10434
10438
10440
10444
10445
10447
10453
10464
10475
10487
10492
10497
10503
10504
10507
10531
10534
10537
10551
10554
10563
10565
10567
10573
10577
10578
10579
10584
10586
10588
10590
10591
10594
10595
10596
10597
10605
10607
10627
10641
10643
10654
10660
10666
10669
10672
10673
10683
10685
10689
10695
10699
10701
10705
10706
10712
10720
10726
10729
10730
10732
10748
10750
10751
10752
10753
10754
10756
10757
10759
10761
10762
10764
10765
10766
10768
10769
10770
10771
10776
10778
10792
10793
10796
10809
10812
10813
10815
10824
10827
10850
10860
10878
10885
10891
10899
10901
10903
10910
10914
10918
10919
10920
10927
10937
10938
10968
10969
10973
10982
10993
10994
10997
10998
10999
11012
11017
11022
11025
11029
11034
11040
11041
11049
11053
11055
11057
11061
11063
11071
11074
11077
11078
11079
11080
11081
11082
11083
11088
11089
11090
11093
11094
11099
11106
11108
11109
11110
11115
11116
11119
11124
11126
11127
11128
11133
11134
11136
11137
11138
11146
11149
11156
11158
11162
11163
11164
11167
11168
11171
11173
11174
11176
11177
11178
11180
11182
11185
11192
11193
11194
11199
11208
11211
11225
11226
11227
11229
11232
11233
11234
11249
11254
11262
11263
11269
11274
11277
11292
11295
11300
11308
11313
11317
11329
11333
11336
11337
11338
11360
11362
11363
11374
11375
11379
11381
11382
11383
11384
11385
11388
11389
11395
11396
11397
11398
11400
11402
11406
11408
11411
11412
11415
11416
11424
11426
11427
11428
11429
11430
11432
11435
11436
11438
11442
11444
11445
11446
11447
11448
11449
11450
11451
11452
11453
11454
11455
11460
11462
11464
11465
11466
11467
11468
11469
11473
11474
11478
11479
11481
11482
11486
11491
11514
11519
11521
11524
11525
11530
11532
11541
11544
11546
11547
11549
11550
11554
11561
11565
11566
11570
11574
11578
11583
11584
11585
11586
11590
11593
11594
11597
11604
11612
11622
11628
11636
11638
11639
11640
11642
11643
11645
11650
11651
11652
11654
11655
11658
11660
11665
11671
11678
11679
11683
11689
11695
11700
11705
11706
11710
11719
11720
11722
11725
11727
11728
11733
11736
11741
11742
11745
11746
11747
11749
11750
11751
11753
11755
11756
11757
11758
11759
11761
11762
11763
11765
11766
11767
11768
11770
11774
11775
11776
11777
11780
11781
11782
11783
11784
11785
11786
11787
11788
11789
11790
11791
11792
11793
11794
11795
11796
11797
11798
11799
11800
11801
11802
11804
11807
11808
11809
11810
11811
11812
11813
11814
11815
11816
11817
11819
11820
11821
11822
11823
11824
11825
11826
11827
11828
11829
11830
11831
11832
11833
11835
11836
11837
11838
11839
11840
11841
11842
11843
11844
11845
11846
11847
11848
11849
11850
11851
11852
11853
11856
11857
11860
11861
11863
11864
11865
11866
11869
11870
11876
11877
11878
11881
11882
11883
11884
11885
11886
11887
11890
11891
11892
11893
11895
11896
11897
11898
11900
11901
11902
11903
11904
11905
11906
11907
11908
11909
11910
11911
11913
11917
11918
11922
11923
11941
11944
11950
11951
11952
11953
11954
11955
11960
11961
11963
11965
11966
11967
11969
11970
11971
11972
11980
11981
11982
11983
11984
11985
11987
11994
11995
11997
11998
11999
12000
12001
12003
12004
12005
12007
12010
12014
12015
12016
12030
12031
12032
12036
12037
12039
12040
12041
12042
12043
12045
12048
12049
12053
12054
12055
12056
12057
12058
12059
12062
12064
12069
12070
12072
12073
12074
12075
12076
12077
12078
12080
12081
12082
12087
12088
12090
12100
12101
12103
12104
12107
12114
12116
12119
12124
12126
12129
12132
12137
12138
12139
12149
12153
12154
12156
12157
12160
12161
12174
12184
12185
12192
12193
12196
12204
12205
12216
12218
12224
12226
12231
12238
12240
12241
12242
12245
12246
12247
12248
12249
12250
12263
12264
12267
12268
12272
12273
12274
12275
12276
12277
12279
12280
12286
12287
12288
12289
12290
12292
12293
12295
12298
12299
12301
12302
12303
12311
12312
12325
12326
12328
12329
12334
12336
12355
12356
12357
12358
12365
12370
12371
12379
12382
12383
12387
12388
12390
12391
12401
12402
12415
12416
12419
12420
12422
12428
12433
12435
12436
12437
12440
12445
12447
12448
12449
12450
12451
12452
12454
12455
12456
12465
12476
12477
12483
12486
12489
12490
12497
12498
12500
12514
12515
12530
12534
12535
12544
12545
12546
12548
12549
12559
12560
12565
12566
12572
12582
12585
12587
12591
12592
12604
12606
12613
12622
12623
12624
12625
12628
12629
12630
12631
12632
12633
12634
12635
12639
12640
12649
12650
12651
12652
12654
12655
12659
12660
12661
12668
12669
12672
12678
12679
12685
12689
12695
12696
12705
12720
12721
12725
12726
12729
12730
12737
12738
12742
12743
12752
12757
12763
12769
12772
12773
12774
12784
12785
12787
12788
12789
12791
12807
12808
12812
12817
12821
12822
12823
12825
12826
12828
12832
12833
12834
12835
12836
12838
12839
12840
12841
12842
12843
12852
12858
12861
12862
12863
12864
12871
12872
12873
12874
12875
12876
12881
12882
12885
12886
12887
12888
12889
12890
12895
12898
12899
12900
12901
12905
12906
12907
12908
12919
12920
12921
12924
12926
12927
12928
12934
12948
12952
12958
12959
12960
12989
12990
12992
12993
12994
12995
12996
12998
12999
13000
13005
13006
13007
13009
13010
13012
13013
13015
13016
13018
13022
13023
13024
13025
13028
13029
13031
13033
13035
13040
13041
13043
13044
13045
13047
13048
13049
13050
13051
13052
13053
13054
13056
13057
13060
13061
13062
13063
13064
13065
13066
13067
13068
13069
13070
13071
13072
13073
13075
13076
13077
13078
13079
13080
13082
13083
13087
13088
13089
13090
13091
13092
13093
13094
13095
13096
13097
13098
13099
13101
13102
13103
13104
13105
13110
13113
13114
13120
13121
13123
13124
13125
13126
13127
13131
13132
13133
13135
13136
13138
13140
13141
13142
13144
13149
13150
13151
13153
13154
13156
13158
13161
13162
13163
13164
13165
13166
13167
13168
13169
13171
13172
13173
13174
13175
13177
13178
13179
13180
13181
13182
13183
13184
13186
13191
13193
13195
13196
13199
13203
13204
13205
13206
13208
13210
13213
13215
13217
13218
13220
13224
13226
13227
13229
13231
13233
13234
13235
13236
13237
13238
13242
13243
13244
13246
13247
13248
13255
13256
13258
13260
13261
13262
13266
13267
13268
13269
13270
13272
13273
13277
13279
13282
13285
13290
13291
13292
13293
13294
13295
13299
13302
13303
13307
13309
13310
13312
13314
13315
13316
13327
13330
13336
13339
13340
13341
13342
13343
13345
13348
13355
13356
13368
13371
13372
13373
13374
13378
13382
13384
13388
13389
13390
13391
13393
13394
13396
13397
13398
13399
13401
13402
13404
13405
13406
13408
13409
13411
13412
13415
13416
13419
13427
13434
13439
13442
13450
13451
13453
13460
13461
13464
13466
13467
13470
13471
13481
13484
13485
13487
13488
13491
13500
13501
13502
13503
13506
13507
13509
13510
13511
13516
13517
13526
13531
13532
13534
13536
13537
13538
13539
13541
13542
13543
13544
13545
13546
13547
13548
13551
13554
13555
13556
13557
13558
13559
13560
13561
13563
13564
13565
13567
13568
13569
13570
13571
13573
13574
13576
13581
13584
13588
13590
13591
13592
13598
13599
13600
13602
13607
13614
13617
13619
13626
13627
13628
13633
13639
13642
13646
13656
13657
13658
13659
13662
13664
13673
13674
13675
13676
13677
13678
13679
13681
13683
13684
13685
13686
13687
13690
13694
13695
13696
13697
13698
13700
13702
13707
13708
13710
13718
13719
13720
13722
13724
13727
13729
13733
13734
13735
13736
13738
13741
13745
13748
13752
13753
13755
13756
13765
13771
13774
13781
13782
13783
13787
13789
13790
13792
13793
13810
13816
13822
13834
13835
13839
13840
13841
13843
13845
13846
13848
13850
13858
13862
13864
13865
13868
13869
13870
13871
13873
13878
13879
13880
13881
13882
13883
13887
13892
13895
13900
13902
13908
13909
13910
13911
13913
13916
13923
13927
13928
13929
13930
13932
13937
13938
13940
13947
13950
13953
13957
13958
13959
13965
13968
13970
13971
13979
13980
13981
13988
13990
13992
13994
13996
13998
13999
14000
14002
14004
14005
14007
14009
14012
14017
14019
14020
14026
14032
14034
14037
14045
14057
14058
14059
14060
14061
14062
14063
14067
14070
14071
14072
14073
14077
14082
14086
14089
14090
14091
14102
14104
14108
14112
14115
14116
14121
14122
14123
14124
14129
14130
14136
14139
14140
14142
14145
14148
14157
14158
14160
14167
14168
14170
14172
14173
14174
14175
14177
14179
14182
14183
14184
14188
14189
14190
14193
14194
14198
14199
14201
14202
14203
14204
14206
14207
14208
14211
14212
14213
14214
14217
14219
14220
14222
14227
14229
14230
14232
14233
14235
14238
14239
14241
14243
14244
14247
14250
14251
14252
14253
14254
14255
14258
14259
14260
14261
14262
14263
14265
14268
14270
14271
14272
14273
14274
14275
14276
14280
14283
14284
14285
14286
14290
14291
14294
14295
14296
14297
14298
14299
14301
14303
14304
14306
14308
14309
14318
14319
14323
14328
14331
14335
14336
14342
14343
14344
14345
14346
14347
14351
14354
14356
14357
14359
14360
14361
14362
14363
14365
14369
14371
14373
14374
14375
14376
14377
14379
14383
14385
14389
14396
14397
14398
14399
14400
14407
14411
14424
14427
14428
14429
14431
14432
14435
14436
14437
14438
14439
14440
14444
14445
14446
14453
14454
14459
14460
14461
14462
14464
14470
14472
14473
14474
14477
14481
14482
14495
14499
14500
14501
14502
14504
14510
14511
14519
14525
14527
14529
14530
14531
14532
14537
14538
14539
14540
14542
14546
14553
14554
14562
14566
14571
14572
14585
14600
14604
14609
14614
14623
14626
14631
14634
14640
14641
14644
14646
14648
14649
14652
14653
14655
14656
14657
14658
14660
14662
14670
14672
14675
14693
14701
14714
14716
14717
14720
14726
14734
14735
14736
14737
14738
14739
14740
14741
14742
14743
14746
14747
14748
14751
14754
14755
14769
14775
14778
14780
14781
14783
14788
14790
14791
14792
14793
14795
14802
14807
14808
14815
14817
14819
14827
14829
14830
14832
14838
14839
14841
14843
14844
14845
14852
14854
14855
14856
14857
14871
14872
14873
14875
14876
14877
14878
14879
14880
14881
14882
14883
14884
14885
14886
14887
14888
14889
14890
14891
14892
14893
14894
14895
14896
14897
14898
14899
14900
14901
14902
14903
14904
14905
14906
14907
14908
14909
14910
14911
14912
14913
14914
14915
14916
14917
14918
14919
14920
14921
14922
14923
14924
14925
14926
14927
14928
14929
14930
14931
14932
14933
14934
14935
14936
14937
14938
14939
14940
14941
14942
14943
14944
14945
14946
14947
14948
14949
14950
14951
14952
14953
14954
14955
14956
14957
14958
14959
14960
14961
14962
14963
14964
14965
14966
14967
14968
14969
14970
14971
14973
14974
14975
14977
14978
14981
14983
14984
14985
14986
14992
14993
14995
14997
15002
15011
15015
15016
15017
15024
15025
15027
15029
15034
15036
15037
15038
15041
15042
15046
15052
15053
15054
15055
15056
15057
15058
15059
15064
15071
15077
15082
15089
15091
15093
15095
15096
15097
15099
15100
15102
15103
15104
15105
15106
15108
15112
15113
15117
15121
15122
15124
15129
15130
15134
15135
15136
15137
15139
15141
15151
15159
15177
15179
15180
15181
15183
15185
15188
15189
15190
15202
15203
15205
15207
15217
15218
15220
15221
15222
15224
15225
15227
15229
15231
15232
15241
15242
15243
15244
15250
15257
15261
15264
15273
15274
15275
15276
15278
15279
15280
15292
15293
15294
15300
15302
15303
15304
15312
15338
15339
15340
15343
15353
15354
15358
15360
15364
15366
15367
15377
15380
15381
15382
15383
15384
15389
15390
15394
15398
15401
15402
15405
15407
15408
15409
15413
15415
15416
15417
15419
15424
15427
15429
15433
15434
15436
15437
15439
15441
15442
15443
15444
15445
15446
15447
15449
15450
15451
15452
15453
15454
15455
15457
15458
15459
15460
15462
15464
15466
15468
15470
15472
15473
15475
15476
15477
15478
15479
15480
15481
15482
15487
15488
15489
15490
15491
15492
15493
15498
15499
15500
15501
15504
15508
15510
15511
15515
15517
15519
15522
15523
15525
15527
15528
15529
15530
15531
15534
15535
15536
15537
15538
15539
15540
15541
15544
15545
15546
15548
15549
15551
15553
15554
15557
15558
15559
15561
15562
15563
15564
15565
15566
15568
15573
15574
15581
15583
15584
15585
15586
15588
15593
15595
15596
15598
15599
15601
15604
15605
15610
15611
15613
15615
15616
15617
15619
15620
15629
15632
15635
15639
15640
15641
15644
15645
15653
15657
15661
15663
15665
15666
15673
15674
15676
15679
15681
15683
15689
15690
15693
15694
15698
15706
15713
15714
15715
15717
15719
15721
15727
15729
15731
15732
15733
15740
15742
15744
15745
15747
15748
15749
15752
15753
15755
15756
15757
15764
15765
15767
15768
15769
15775
15777
15780
15783
15784
15785
15786
15787
15788
15790
15791
15792
15794
15795
15798
15799
15800
15801
15802
15803
15804
15805
15806
15807
15808
15809
15810
15811
15812
15813
15817
15818
15823
15825
15834
15835
15837
15854
15855
15856
15857
15858
15859
15860
15863
15865
15870
15872
15880
15910
15914
15940
15942
15955
15957
15964
15968
15972
15979
15983
15984
15985
15997
16000
16002
16008
16019
16026
16028
16032
16034
16036
16048
16050
16051
16053
16055
16063
16072
16094
16095
16096
16102
16108
16113
16116
16119
16120
16122
16123
16126
16128
16130
16131
16134
16141
16145
16148
16149
16155
16157
16158
16159
16163
16166
16167
16169
16176
16177
16185
16198
16207
16217
16220
16223
16230
16234
16254
16263
16264
16267
16273
16277
16279
16288
16289
16294
16306
16309
16310
16312
16313
16317
16321
16322
16323
16326
16332
16339
16340
16343
16345
16347
16349
16352
16354
16357
16358
16360
16365
16367
16372
16375
16382
16383
16384
16389
16390
16391
16395
16397
16398
16400
16403
16404
16407
16409
16419
16437
16438
16444
16449
16452
16456
16457
16459
16460
16461
16463
16464
16466
16467
16469
16470
16486
16487
16489
16490
16491
16492
16494
16495
16497
16498
16500
16501
16506
16511
16512
16513
16521
16525
16527
16531
16535
16539
16542
16544
16548
16552
16553
16554
16555
16557
16559
16576
16585
16592
16593
16595
16597
16598
16599
16600
16601
16602
16607
16610
16614
16616
16617
16618
16623
16625
16629
16631
16632
16638
16643
16644
16653
16655
16656
16661
16664
16673
16675
16678
16679
16686
16688
16689
16690
16692
16693
16696
16700
16701
16703
16705
16707
16711
16714
16721
16722
16727
16730
16733
16735
16737
16738
16739
16745
16752
16753
16755
16772
16773
16779
16782
16789
16790
16791
16792
16794
16799
16807
16808
16811
16819
16820
16823
16826
16828
16833
16837
16838
16843
16850
16854
16855
16860
16861
16866
16869
16870
16876
16882
16883
16884
16888
16891
16893
16894
16895
16898
16901
16917
16920
16923
16935
16937
16938
16942
16943
16945
16948
16950
16960
16961
16967
16977
16984
16986
16987
16992
16994
16995
16999
17002
17004
17005
17013
17015
17017
17019
17020
17021
17022
17023
17025
17026
17037
17038
17039
17042
17045
17047
17049
17050
17051
17052
17057
17060
17065
17067
17068
17069
17070
17072
17073
17074
17079
17087
17088
17089
17090
17093
17094
17095
17101
17104
17107
17109
17110
17122
17124
17125
17132
17133
17144
17145
17148
17162
17171
17174
17179
17186
17191
17199
17203
17208
17220
17222
17224
17225
17229
17237
17241
17257
17258
17260
17264
17265
17270
17272
17291
17293
17295
17300
17302
17312
17316
17320
17322
17323
17326
17350
17354
17355
17357
17358
17366
17369
17373
17374
17380
17381
17383
17384
17385
17388
17389
17397
17398
17408
17416
17419
17422
17424
17426
17429
17432
17433
17434
17435
17437
17438
17439
17443
17448
17451
17453
17458
17460
17464
17473
17474
17475
17477
17479
17482
17483
17484
17485
17486
17489
17491
17496
17499
17501
17509
17513
17520
17528
17532
17533
17534
17546
17548
17568
17570
17573
17574
17581
17587
17588
17589
17592
17602
17605
17609
17610
17612
17614
17620
17621
17622
17623
17635
17636
17638
17639
17643
17644
17645
17650
17655
17658
17659
17661
17662
17664
17665
17667
17668
17671
17672
17673
17674
17676
17677
17678
17679
17680
17681
17683
17684
17685
17686
17691
17701
17704
17707
17709
17724
17725
17729
17732
17737
17755
17762
17763
17764
17765
17767
17770
17775
17776
17779
17788
17789
17794
17808
17809
17813
17814
17815
17820
17822
17823
17827
17829
17839
17840
17868
17871
17872
17875
17876
17882
17887
17891
17892
17893
17905
17912
17914
17917
17918
17921
17929
17930
17934
17935
17942
17955
17965
17969
17970
17972
17977
17980
17981
17984
17989
17991
17994
17995
18005
18009
18012
18017
18026
18035
18038
18041
18043
18057
18059
18081
18085
18102
18106
18112
18118
18119
18126
18131
18133
18135
18138
18139
18140
18141
18149
18170
18180
18182
18190
18199
18211
18213
18234
18251
18263
18271
18274
18275
18282
18288
18292
18293
18304
18306
18314
18316
18318
18323
18326
18331
18335
18337
18344
18345
18346
18347
18349
18350
18352
18353
18354
18357
18359
18365
18371
18372
18388
18391
18396
18401
18402
18405
18409
18411
18414
18415
18416
18417
18418
18420
18421
18424
18425
18428
18437
18454
18457
18475
18483
18489
18497
18499
18501
18502
18515
18525
18527
18535
18536
18537
18539
18540
18541
18542
18543
18544
18545
18546
18547
18548
18549
18550
18551
18552
18553
18554
18555
18556
18557
18559
18560
18561
18562
18563
18564
18565
18567
18568
18595
18600
18608
18610
18616
18618
18626
18635
18638
18639
18659
18660
18662
18663
18668
18681
18689
18691
18693
18695
18700
18704
18706
18707
18708
18709
18710
18711
18712
18715
18716
18717
18718
18719
18723
18724
18725
18726
18728
18729
18732
18733
18735
18736
18737
18738
18739
18741
18747
18753
18754
18755
18758
18760
18763
18770
18772
18783
18785
18792
18793
18796
18797
18807
18810
18812
18816
18823
18828
18832
18834
18843
18845
18849
18851
18855
18857
18861
18862
18864
18865
18874
18877
18878
18879
18881
18892
18894
18896
18897
18898
18899
18901
18902
18907
18908
18915
18917
18918
18919
18927
18930
18931
18932
18936
18937
18938
18940
18952
18972
18973
18974
18981
18983
18986
18987
18989
18992
18994
18999
19001
19002
19009
19011
19014
19017
19018
19020
19021
19022
19023
19025
19026
19029
19032
19038
19040
19041
19044
19045
19046
19047
19051
19066
19068
19070
19071
19075
19078
19082
19088
19094
19105
19106
19107
19109
19110
19112
19117
19126
19127
19128
19129
19131
19132
19133
19134
19135
19136
19137
19145
19146
19149
19151
19154
19157
19159
19160
19162
19166
19170
19171
19177
19181
19183
19185
19186
19187
19193
19196
19198
19202
19205
19210
19213
19214
19217
19220
19222
19227
19229
19235
19238
19241
19242
19247
19251
19253
19255
19258
19264
19265
19286
19287
19289
19290
19292
19295
19303
19306
19307
19310
19318
19321
19322
19323
19324
19326
19327
19330
19332
19334
19335
19337
19338
19339
19342
19344
19348
19349
19351
19352
19359
19362
19367
19369
19373
19376
19378
19380
19381
19382
19383
19387
19396
19397
19408
19416
19426
19430
19431
19435
19438
19443
19444
19447
19448
19452
19454
19455
19456
19459
19460
19461
19463
19464
19465
19469
19470
19472
19477
19478
19479
19480
19482
19484
19485
19487
19488
19489
19493
19497
19504
19507
19512
19513
19520
19523
19524
19525
19527
19528
19529
19530
19533
19534
19535
19536
19537
19540
19544
19548
19552
19557
19564
19566
19567
19568
19572
19589
19590
19607
19625
19633
19634
19643
19644
19646
19651
19652
19659
19665
19666
19671
19674
19675
19676
19681
19683
19690
19691
19699
19705
19706
19710
19719
19720
19721
19736
19739
19741
19743
19746
19749
19765
19771
19772
19773
19776
19777
19778
19780
19781
19787
19788
19789
19790
19792
19794
19797
19801
19803
19805
19806
19807
19818
19823
19836
19843
19846
19853
19857
19866
19876
19879
19885
19889
19907
19909
19913
19917
19918
19920
19921
19923
19924
19926
19927
19930
19933
19944
19958
19961
19962
19965
19968
19978
19985
19987
19988
19989
19991
19999
20001
20005
20011
20025
20035
20037
20042
20046
20064
20065
20070
20071
20073
20076
20079
20088
20092
20101
20104
20105
20108
20110
20111
20130
20132
20133
20135
20138
20139
20141
20155
20166
20169
20180
20194
20197
20205
20207
20211
20215
20216
20217
20219
20220
20221
20225
20226
20230
20234
20240
20243
20246
20263
20280
20287
20303
20305
20308
20309
20332
20334
20335
20337
20338
20339
20341
20350
20366
20380
20393
20409
20429
20430
20433
20440
20441
20442
20443
20456
20471
20473
20476
20485
20487
20496
20508
20511
20514
20525
20528
20530
20540
20544
20558
20559
20560
20569
20570
20577
20583
20593
20596
20619
20624
20629
20632
20636
20646
20649
20657
20677
20680
20691
20709
20712
20744
20748
20752
20753
20754
20760
20761
20762
20763
20764
20766
20768
20771
20772
20773
20774
20775
20776
20777
20779
20780
20782
20783
20784
20785
20787
20788
20789
20791
20794
20797
20798
20799
20800
20801
20802
20804
20806
20808
20812
20814
20815
20817
20818
20820
20821
20824
20825
20826
20827
20830
20831
20832
20837
20847
20850
20851
20852
20854
20855
20856
20858
20859
20860
20861
20863
20864
20866
20869
20876
20878
20879
20884
20886
20887
20888
20889
20894
20896
20899
20901
20902
20903
20904
20907
20908
20914
20916
20917
20919
20921
20922
20923
20925
20927
20929
20930
20934
20941
20944
20955
20957
20958
20963
20964
20969
20970
20973
20974
20976
20977
20982
20992
21002
21004
21007
21008
21011
21016
21018
21019
21024
21027
21031
21032
21037
21039
21043
21055
21062
21075
21076
21077
21078
21079
21082
21083
21090
21093
21115
21119
21123
21126
21127
21130
21134
21141
21142
21144
21145
21146
21153
21154
21158
21160
21163
21166
21199
21205
21220
21221
21226
21227
21228
21229
21231
21236
21237
21238
21239
21243
21248
21249
21253
21256
21272
21273
21282
21285
21292
21297
21302
21303
21308
21310
21312
21329
21331
21338
21339
21341
21352
21355
21360
21363
21372
21373
21378
21392
21393
21402
21408
21409
21412
21413
21416
21417
21421
21424
21425
21429
21431
21435
21436
21437
21438
21439
21442
21445
21448
21452
21463
21466
21470
21471
21472
21473
21475
21476
21477
21478
21480
21482
21483
21484
21486
21488
21489
21491
21497
21501
21507
21511
21514
21515
21525
21533
21534
21548
21549
21559
21575
21576
21593
21599
21608
21623
21630
21634
21659
21663
21665
21668
21669
21671
21672
21673
21675
21676
21686
21692
21694
21706
21712
21714
21716
21719
21726
21731
21732
21745
21746
21750
21760
21765
21766
21773
21782
21789
21798
21799
21801
21806
21809
21813
21823
21825
21830
21834
21844
21845
21849
21857
21861
21866
21867
21872
21877
21878
21882
21891
21892
21897
21901
21905
21915
21924
21925
21927
21931
21934
21959
21960
21980
21981
21985
21994
22011
22012
22018
22024
22029
22030
22031
22033
22034
22035
22036
22041
22042
22044
22049
22050
22051
22053
22055
22056
22058
22065
22066
22074
22075
22078
22083
22087
22088
22089
22091
22093
22101
22103
22105
22106
22107
22110
22111
22112
22116
22119
22121
22122
22123
22124
22125
22127
22134
22135
22136
22141
22143
22144
22145
22146
22148
22149
22150
22151
22153
22155
22156
22158
22162
22164
22165
22167
22168
22170
22172
22173
22175
22177
22180
22181
22182
22183
22184
22185
22187
22189
22190
22192
22193
22195
22197
22198
22200
22201
22204
22205
22211
22215
22221
22222
22223
22236
22238
22241
22265
22266
22271
22275
22276
22278
22288
22296
22300
22306
22307
22308
22310
22311
22313
22318
22325
22326
22331
22358
22360
22365
22375
22383
22389
22391
22404
22413
22417
